1 2960 : 0.137100405223
2 2960 : 0.217469608285
3 2960 : 0.262606933814
4 2960 : 0.333971184151
5 2960 : 0.381359747861
6 2960 : 0.415240882485
7 2960 : 0.473998199009
8 2960 : 0.519473210266
9 2960 : 0.579918955425
10 2960 : 0.604007203962
11 2960 : 0.644191805493
12 2960 : 0.650382710491
13 2960 : 0.671319225574
14 2960 : 0.704412426835
15 2960 : 0.72039621792
16 2960 : 0.722872579919
17 2960 : 0.757766771724
18 2960 : 0.751575866727
19 2960 : 0.764633048176
20 2960 : 0.796037820801
21 2960 : 0.795475011256
22 2960 : 0.816749212067
23 2960 : 0.812696983341
24 2960 : 0.823840612337
25 2960 : 0.833858622242
26 2960 : 0.833633498424
27 2960 : 0.84117514633
28 2960 : 0.827667717244
29 2960 : 0.860423232778
30 2960 : 0.861211166141
31 2960 : 0.861098604232
32 2960 : 0.877870328681
33 2960 : 0.867514633048
34 2960 : 0.883723547951
35 2960 : 0.881022062134
36 2960 : 0.871904547501
37 2960 : 0.894304367402
38 2960 : 0.880684376407
39 2960 : 0.895655110311
40 2960 : 0.893628995948
41 2960 : 0.903309320126
42 2960 : 0.903309320126
43 2960 : 0.907361548852
44 2960 : 0.887888338586
45 2960 : 0.903647005853
46 2960 : 0.891152633949
47 2960 : 0.886537595678
48 2960 : 0.908036920306
49 2960 : 0.920193606484
50 2960 : 0.917604682575
51 2960 : 0.927847816299
52 2960 : 0.921994597028
53 2960 : 0.919968482665
54 2960 : 0.920193606484
55 2960 : 0.922107158937
56 2960 : 0.925934263845
57 2960 : 0.916479063485
58 2960 : 0.927397568663
59 2960 : 0.923683025664
60 2960 : 0.926609635299
61 2960 : 0.934714092751
62 2960 : 0.934376407024
63 2960 : 0.934151283206
64 2960 : 0.93606483566
65 2960 : 0.938203511932
66 2960 : 0.944732102656
67 2960 : 0.935614588023
68 2960 : 0.928185502026
69 2960 : 0.929311121117
70 2960 : 0.943719045475
71 2960 : 0.94788383611
72 2960 : 0.946082845565
73 2960 : 0.942480864475
74 2960 : 0.953286807744
75 2960 : 0.945407474111
76 2960 : 0.952498874381
77 2960 : 0.952386312472
78 2960 : 0.9502476362
79 2960 : 0.949909950473
80 2960 : 0.951148131472
81 2960 : 0.953511931562
82 2960 : 0.95373705538
83 2960 : 0.948671769473
84 2960 : 0.951598379109
85 2960 : 0.951035569563
86 2960 : 0.951823502927
87 2960 : 0.954412426835
88 2960 : 0.956888788834
89 2960 : 0.952273750563
90 2960 : 0.954862674471
91 2960 : 0.959252588924
92 2960 : 0.959027465106
93 2960 : 0.952161188654
94 2960 : 0.957901846015
95 2960 : 0.957564160288
96 2960 : 0.95373705538
97 2960 : 0.955875731652
98 2960 : 0.955312922107
99 2960 : 0.95137325529
100 2960 : 0.961166141378
